23861
23862
23864
23865
23866
23867
23868
23876
23878
23879
23880
23881
23882
23883
23884
23885
23886
23887
23888
23889
23890
23891
23892
23893
23894
23895
23896
23897
23898
23899
23900
23901
23902
23903
23904
23905
23906
23907
23908
23942
23943
23944
23945
23946
23947
23948
23949
23950
23951
23952
23953
23954
23955
23956
23957
23960
23961
23962
23964
23965
23966
23967
23969
23970
23972
23973
23974
23975
23977
23979
23980
23981
23982
23983
23984
23985
23986
23987
23988
23989
23990
23991
23992
23993
23994
23995
23996
23998
23999
24001
24002
24003
24004
24005
24006
24007
24008
24009
24010
24011
24012
24013
24014
24015
24016
24019
24020
24021
24022
24023
24024
24026
24032
24039
24040
24041
24042
24043
24047
24048
24049
24050
24051
24054
24055
24056
24057
24058
24059
24060
24061
24062
24063
24064
24065
24066
24067
24068
24069
24070
24071
24072
24073
24074
24075
24076
24079
24080
24081
24082
24084
24085
24086
24087
24089
24091
24092
24093
24094
24095
24096
24097
24098
24099
24100
24101
24103
24104
24110
24111
24112
24113
24116
24117
24120
24121
24122
24123
24125
24126
24127
24128
24129
24130
24131
24132
24133
24134
24135
24138
24139
24140
24141
24144
24145
24146
24147
24150
24151
24153
24155
24156
24157
24158
24159
24160
24161
24162
24163
24164
24165
24166
24167
24168
24169
24170
24171
24172
24173
24174
24175
24176
24177
24178
24179
24185
24187
24188
24189
24190
24191
24192
24193
24194
24195
24196
24197
24200
24201
24203
24204
24206
24207
24208
24210
24211
24213
24214
24215
24216
24217
24218
24219
24220
24222
24223
24224
24225
24226
24227
24228
24229
24230
24232
24233
24234
24236
24237
24238
24239
24240
24241
24243
24244
24245
24246
24247
24248
24250
24251
24252
24253
24254
24255
24257
24258
24259
24260
24261
24262
24263
24264
24266
24267
24268
24269
24270
24271
24273
24274
24275
24276
24277
24278
24279
24280
24281
24282
24283
24310
24311
24312
24313
24314
24315
24316
24317
24318
24322
24323
24324
24325
24326
24327
24328
24329
24330
24331
24332
24335
24336
24337
24338
24339
24342
24343
24344
24345
24346
24347
24348
24349
24352
24353
24354
24355
24356
24357
24359
24360
24363
24364
24365
24366
24367
24368
24369
24370
24371
24372
24376
24377
24378
24379
24380
24381
24382
24383
24384
24385
24386
24387
24388
24389
24390
24391
24396
24397
24398
24399
24400
24401
24402
24404
24405
24406
24407
24408
24409
24410
24411
24412
24413
24414
24415
24416
24417
24418
24419
24421
24422
24423
24424
24425
24426
24427
24428
24429
24430
24431
24432
24433
24434
24435
24436
24437
24442
24443
24444
24445
24446
24447
24448
24449
24450
24451
24452
24453
24454
24460
24461
24463
24464
24469
24470
24471
24472
24473
24474
24475
24476
24477
24478
24479
24480
24485
24486
24487
24488
24489
24490
24491
24492
24493
24494
24499
24500
24501
24502
24503
24504
24505
24506
24507
24508
24509
24510
24511
24512
24513
24514
24515
24516
24517
24521
24522
24523
24524
24525
24526
24527
24528
24529
24530
24531
24532
24533
24534
24535
24536
24543
24545
24547
24550
24553
24554
24555
24556
24557
24558
24559
24560
24561
24562
24564
24566
24567
24568
24569
24570
24572
24574
24576
24578
24580
24582
24583
24584
24585
24587
24588
24589
24590
24591
24592
24593
24594
24595
24596
24597
24598
24599
24600
24601
24602
24603
24604
24605
24606
24607
24608
24609
24610
24611
24612
24613
24614
24615
24616
24617
24618
24620
24621
24622
24627
24628
24629
24630
24631
24632
24633
24634
24635
24636
24641
24642
24643
24646
24647
24648
24649
24650
24651
24654
24655
24656
24657
24658
24659
24660
24661
24662
24666
24667
24668
24669
24670
24671
24672
24673
24674
24675
24676
24677
24678
24679
24680
24681
24682
24683
24684
24685
24686
24687
24688
24690
24691
24692
24693
24694
24695
24696
24697
24698
24701
24702
24703
24707
24708
24709
24710
24713
24714
24715
24716
24717
24718
24719
24720
24721
24722
24723
24724
24725
24726
24727
24728
24729
24730
24731
24732
24733
24734
24736
24737
24738
24739
24740
24741
24742
24743
24744
24745
24746
24747
24748
24753
24755
24756
24758
24759
24766
24767
24768
24769
24770
24772
24773
24774
24775
24776
24777
24778
24779
24780
24781
24782
24783
24784
24785
24786
24787
24788
24789
24790
24791
24794
24795
24796
24797
24798
24803
24804
24805
24806
24807
24808
24809
24810
24811
24812
24813
24814
24815
24816
24817
24818
24819
24820
24821
24822
24823
24824
24825
24826
24827
24828
24829
24830
24831
24832
24861
24862
24863
24864
24865
24866
24867
24868
24870
24871
24872
24873
24874
24877
24878
24879
24880
24881
24882
24883
24886
24887
24888
24889
24890
24893
24894
24897
24898
24899
24902
24903
24907
24908
24909
24910
24913
24914
24915
24916
24917
24920
24921
24924
24927
24928
24929
24930
24933
24934
24935
24938
24939
24943
24944
24945
24946
24947
24948
24949
24950
24951
24952
24953
24954
24955
24956
24957
24958
24959
24960
24961
24962
24964
24965
24966
24969
24970
24971
24972
24974
24975
24981
24982
24985
24986
24987
24988
24991
24992
24994
24995
24998
24999
25000
25001
25002
25003
25004
25005
25006
25007
25008
25010
25011
25012
25016
25017
25018
25019
25020
25026
25027
25030
25031
25034
25035
25038
25041
25044
25045
25046
25049
25050
25051
25052
25053
25056
25059
25060
25061
25062
25063
25064
25065
25066
25067
25068
25069
25070
25071
25072
25073
25074
25076
25077
25078
25079
25080
25083
25084
25085
25086
25087
25088
25091
25092
25093
25096
25097
25098
25099
25102
25103
25104
25105
25108
25109
25110
25111
25112
25114
25115
25116
25117
25119
25120
25121
25122
25124
25126
25127
25128
25129
25130
25131
25134
25135
25138
25139
25140
25141
25146
25147
25148
25149
25150
25151
25154
25157
25162
25163
25164
25165
25166
25167
25168
25169
25170
25171
25181
25182
25183
25184
25185
25187
25189
25190
25192
25193
25194
25195
25196
25197
25198
25200
25201
25202
25203
25204
25205
25206
25207
25208
25210
25211
25214
25217
25218
25219
25220
25221
25222
25227
25228
25229
25230
25233
25234
25235
25236
25237
25240
25241
25247
25248
25249
25251
25252
25255
25256
25257
25258
25259
25262
25263
25264
25265
25266
25269
25272
25273
25275
25276
25277
25279
25280
25281
25282
25283
25286
25287
25288
25289
25290
25293
25295
25296
25298
25299
25300
25301
25303
25305
25306
25309
25310
25311
25312
25313
25314
25315
25316
25317
25318
25319
25320
25321
25322
25323
25328
25329
25330
25331
25333
25334
25336
25337
25338
25340
25341
25342
25343
25344
25345
25356
25357
25358
25359
25360
25363
25364
25365
25366
25368
25370
25371
25372
25374
25375
25376
25379
25380
25381
25382
25383
25384
25385
25386
25387
25388
25389
25394
25395
25423
25424
25425
25426
25427
25428
25429
25430
25432
25433
25434
25435
25436
25437
25438
25439
25440
25441
25442
25443
25444
25445
25446
25447
25448
25449
25450
25451
25452
25453
25455
25457
25459
25462
25463
25464
25465
25466
25467
25468
25469
25474
25484
25485
25486
25487
25488
25489
25490
25491
25492
25493
25494
25495
25496
25497
25498
25499
25500
25501
25502
25503
25504
25505
25506
25507
25508
25509
25510
25511
25512
25513
25514
25515
25517
25518
25519
25520
25532
25533
25534
25536
25538
25539
25540
25541
25542
25543
25544
25545
25546
25547
25548
27122
27123
27124
27125
27126
27127
27128
27129
27130
27131
27132
27133
27135
27136
27137
27139
27140
27141
27142
27143
27144
27145
27146
27147
27148
27149
27150
27151
27152
27153
27154
27155
27156
27157
27158
27160
27162
27163
27164
27165
27166
27167
27168
27169
27170
27171
27172
27173
27176
27177
27178
27180
27181
27182
27183
27184
27185
27186
27187
27188
27189
27190
27191
27195
27196
27198
27199
27200
27201
27202
27203
27204
27206
27208
27209
27210
27211
27212
27213
27216
27217
27218
27219
27221
27222
27223
27224
27225
27226
27227
27228
27229
27230
27231
27232
27233
27234
27235
27236
27237
27238
27239
27240
27241
27242
27243
27244
27245
27246
27249
27250
27251
27252
27253
27254
27255
27257
27258
27259
27261
27265
27266
27267
27269
27271
27272
27273
27274
27275
27276
27277
27278
27279
27280
27281
27285
27286
27287
27288
27289
27290
27291
27292
27293
27294
27300
27301
27302
27303
27304
27305
27306
27307
27308
27309
27310
27311
27312
27313
27314
27315
27316
27317
27318
27319
27320
27321
27322
27323
27324
27326
27327
27328
27329
27330
27331
27332
27333
27334
27335
27336
27337
27338
27339
27340
27341
27342
27343
27344
27345
27347
27348
27349
27350
27357
27358
27361
27362
27363
27364
27365
27366
27367
27368
27369
27370
27375
27376
27377
27378
27381
27382
27383
27384
27385
27386
27387
27388
27389
27390
27391
27392
27393
27394
27395
27396
27397
27399
27400
27401
27402
27403
27406
27407
27408
27409
27410
27411
27412
27413
27414
27418
27419
27420
27421
27423
27424
27425
27426
27427
27428
27429
27432
27433
27435
27436
27437
27439
27440
27442
27443
27444
27445
27446
27447
27448
27449
27451
27454
27455
27456
27458
27459
27460
27461
27462
27463
27464
27465
27466
27467
27468
27471
27473
27474
27475
27476
27477
27478
27479
27480
27481
27482
27483
27486
27487
27490
27492
27493
27495
27496
27497
27500
27501
27502
27504
27505
27506
27507
27510
27513
27514
27515
27516
27519
27530
27536
27537
27538
27539
27540
27541
27542
27543
27544
27545
27546
27547
27548
27550
27551
27552
27553
27554
27555
27556
27557
27558
27559
27562
27563
27583
27584
27585
27586
27590
27591
27592
27593
27594
27595
27596
27597
27598
27599
27600
27601
27602
27603
27604
27605
27606
27607
27608
27609
27610
27612
27614
27615
27616
27617
27618
27619
27620
27621
27622
27623
27624
27625
27626
27627
27628
27629
27630
27631
27632
27633
27634
27635
27636
27637
27638
27639
27640
27641
27642
27643
27644
27650
27651
27652
27653
27654
27655
27656
27657
27658
27659
27664
27665
27666
27667
27668
27669
27670
27671
27672
27673
27674
27675
27678
27679
27681
27682
27683
27684
27685
27686
27687
27688
27689
27690
27691
27692
27693
27694
27695
27696
27697
27698
27699
27700
27701
27702
27703
27704
27705
27706
27707
27708
27709
27710
27711
27712
27713
27714
27715
27716
27717
27718
27719
27720
27721
27722
27723
27724
27725
27726
27727
27728
27730
27731
27732
27733
27734
27736
27739
27740
27742
27745
27746
27747
27748
27749
27750
27751
27752
27753
27754
27756
27757
27758
27759
27760
27762
27763
27765
27766
27767
27768
27769
27770
27771
27772
27773
27774
27775
27776
27777
27778
27783
27787
27788
27789
27790
27791
27796
27799
27800
27801
27802
27803
27804
27805
27806
27807
27809
27810
27811
27812
27813
27814
27815
27816
27817
27818
27819
27820
27821
27822
27823
27825
27827
27828
27829
27830
27831
27832
27833
27834
27836
27837
27838
27839
27841
27842
27843
27844
27845
27846
27847
27848
27849
27852
27853
27855
27858
27859
27860
27861
27862
27863
27864
27867
27868
27871
27872
27873
27874
27875
27876
27877
27878
27881
27883
27884
27886
27887
27888
27891
27892
27893
27898
27899
27900
27901
27902
27905
27906
27907
27908
27909
27912
27913
27914
27915
27916
27918
27925
27926
27927
27928
27929
27931
27932
27933
27934
27935
27936
27937
27938
27940
27941
27942
27944
27945
27946
27947
27948
27949
27951
27952
27953
27954
27956
27957
27958
27962
27963
27964
27965
27966
27967
27968
27972
27973
27974
27976
27977
27978
27979
27980
27981
27982
27983
27984
27985
27986
27987
27988
27989
27990
27992
27993
27994
28021
28022
28023
28024
28025
28026
28027
28028
28030
28032
28034
28035
28036
28039
28042
28043
28048
28050
28051
28053
28054
28055
28056
28057
28058
28059
28060
28062
28065
28066
28067
28069
28076
28077
28078
28080
28081
28082
28091
28092
28093
28095
28098
28099
28100
28101
28102
28103
28104
28105
28106
28108
28109
28110
28111
28112
28117
28119
28120
28123
28124
28125
28126
28127
28128
28129
28130
28131
28132
28133
28134
28135
28136
28137
28138
28139
28140
28141
28142
28143
28144
28145
28149
28152
28154
28155
28156
28157
28158
28159
28160
28161
28162
28165
28166
28167
28168
28169
28171
28172
28173
28174
28175
28176
28177
28178
28179
28180
28181
28182
28183
28184
28185
28186
28187
28188
28189
28190
28191
28192
28193
28194
28195
28196
28197
28198
28199
28200
28201
28202
28203
28204
28205
28206
28207
28208
28209
28210
28211
28212
28213
28214
28215
28216
28217
28218
28219
28220
28221
28222
28223
28226
28227
28228
28230
28231
28233
28234
28235
28237
28240
28241
28242
28243
28245
28246
28248
28249
28250
28252
28253
28256
28257
28258
28260
28261
28262
28263
28264
28267
28269
28270
28280
28281
28282
28283
28285
28286
28287
28288
28289
28290
28291
28292
28293
28294
28295
28296
28298
28299
28300
28301
28302
28303
28304
28305
28306
28307
28308
28309
28310
28311
28312
28313
28314
28315
28317
28318
28319
28321
28322
28323
28324
28325
28326
28327
28328
28330
28331
28332
28333
28334
28335
28336
28337
28338
28339
28340
28341
28345
28346
28347
28348
28351
28352
28356
28357
28358
28359
28360
28361
28362
28363
28364
28365
28373
28374
28375
28376
28377
28378
28379
28392
28393
28394
28404
28405
28406
28408
28409
28417
28418
28419
28420
28421
28422
28423
28424
28425
28426
28429
28431
28432
28440
28441
28444
28445
28446
28447
28448
28450
28451
28452
28453
28454
28455
28456
28457
28458
28459
28460
28461
28462
28463
28464
28465
28466
28467
28468
28469
28470
28471
23959
27961
28435
