23853
23855
23857
23858
23859
23860
23909
23918
23919
23925
23934
23938
23963
23968
23971
23976
24017
24027
24044
24052
24083
24118
24136
24142
24148
24183
24184
24198
24205
24209
24212
24221
24231
24235
24242
24249
24256
24265
24284
24285
24286
24287
24289
24290
24291
24292
24293
24294
24295
24296
24297
24298
24299
24301
24303
24304
24306
24307
24308
24309
24319
24333
24340
24350
24361
24373
24375
24438
24440
24455
24456
24465
24466
24481
24482
24483
24495
24496
24498
24537
24541
24544
24546
24549
24551
24563
24573
24575
24577
24579
24581
24626
24637
24644
24652
24663
24705
24711
24750
24763
24792
24800
24847
24848
24884
24891
24895
24900
24905
24906
24911
24922
24925
24931
24936
24967
24978
24983
24989
24996
25021
25023
25028
25036
25042
25047
25054
25057
25081
25089
25094
25101
25106
25125
25132
25133
25136
25137
25142
25145
25152
25155
25178
25186
25212
25215
25232
25238
25243
25250
25253
25260
25267
25270
25274
25278
25284
25291
25294
25297
25302
25308
25335
25361
25367
25369
25373
25378
25391
25396
25397
25399
25400
25401
25402
25403
25404
25405
25406
25407
25408
25409
25410
25411
25412
25413
25414
25415
25416
25417
25418
25420
25421
25422
25431
25456
25461
25470
25471
25472
25473
25550
25551
25552
25554
25555
25556
25557
25558
25560
25562
25563
25564
25565
25566
25567
27113
27114
27115
27118
27119
27134
27138
27159
27161
27174
27175
27179
27192
27194
27197
27214
27215
27220
27247
27248
27262
27264
27270
27282
27283
27284
27295
27297
27298
27299
27352
27355
27356
27372
27373
27379
27415
27417
27430
27431
27438
27452
27453
27457
27469
27470
27472
27484
27485
27488
27491
27494
27498
27499
27508
27509
27511
27512
27517
27518
27521
27522
27523
27532
27533
27560
27561
27564
27565
27566
27567
27572
27573
27574
27575
27576
27579
27580
27581
27582
27660
27661
27662
27663
27676
27677
27680
27735
27737
27738
27741
27743
27744
27761
27764
27779
27780
27786
27792
27793
27794
27795
27798
27824
27826
27835
27840
27850
27854
27856
27857
27865
27870
27879
27885
27894
27895
27896
27897
27903
27904
27910
27911
27939
27943
27959
27969
27970
27975
27995
27996
27997
27998
27999
28000
28001
28002
28003
28004
28005
28006
28007
28008
28010
28012
28014
28015
28016
28018
28019
28020
28029
28031
28033
28037
28038
28040
28045
28049
28052
28061
28063
28064
28068
28073
28074
28094
28113
28114
28118
28122
28148
28150
28163
28164
28170
28224
28225
28229
28232
28236
28239
28244
28247
28251
28255
28259
28265
28266
28276
28277
28278
28284
28343
28344
28349
28350
28354
28380
28381
28382
28383
28384
28385
28386
28387
28388
28390
28391
28397
28398
28399
28400
28402
28403
28410
28411
28412
28413
28415
28416
28427
28428
28437
28443
25521
25522
25523
25524
25525
25526
25527
25528
25529
25530
27571
